000810 
051900 
383220 
000810 
022100 
091990 
105560 
383220 
001450 
003550 
005830 
017670 
042700 
091990 
241560 
307950 
001450 
005830 
006800 
009540 
010140 
017670 
042700 
055550 
064350 
071050 
138930 
241560 
081660 
086790 
138930 
001570 
029780 
042700 
139480 
001570 
030000 
055550 
207940 
008770 
383220 
008930 
022100 
051900 
138040 
010950 
042660 
042700 
068760 
086790 
005830 
010140 
010950 
042660 
051900 
055550 
071050 
091990 
138040 
138930 
302440 
000810 
001450 
047050 
055550 
086790 
373220 
016360 
035420 
047050 
086790 
302440 
006800 
010140 
005830 
005930 
008770 
028050 
051910 
196170 
010140 
017670 
086520 
247540 
361610 
000270 
000990 
263750 
028050 
035720 
008770 
009830 
352820 
010130 
012330 
030200 
042660 
383220 
010140 
022100 
055550 
352820 
010130 
010140 
022100 
033780 
086520 
003670 
010120 
086520 
097950 
373220 
000100 
005490 
008770 
022100 
055550 
008770 
009540 
001570 
012330 
122630 
259960 
267260 
383220 
001570 
007070 
051900 
055550 
012330 
122630 
403870 
005830 
011170 
180640 
241560 
302440 
005490 
022100 
068760 
086790 
383220 
010130 
042700 
010130 
028050 
041510 
042700 
028050 
033780 
086790 
247540 
001570 
028050 
001450 
010130 
068760 
196170 
277810 
352820 
005490 
006400 
042700 
047050 
068760 
086520 
091990 
323410 
373220 
000990 
035420 
086790 
088350 
122630 
267260 
010140 
011170 
012330 
028050 
039490 
383220 
004370 
004990 
035720 
091990 
086790 
403870 
454910 
008770 
012330 
032830 
068270 
010120 
011780 
012330 
454910 
000100 
018880 
028300 
003670 
010130 
196170 
002790 
028050 
039490 
